131.02
142.15
145.68
146.88
154.68
158.77
160.62
163.55
163.34
170
168.09
172
166.33
168.59
174.43
176.76
178.9
173.12
173.64
173.53
170.33
170.84
165.37
168.84
166.6
170.4
168.67
169.07
177.05
178.61
186.74
180.11
177.3
176.27
162.39
168.83
161.95
166.82
162.86
164.76
161.55
162.4
168.56
178.16
180.48
177.34
174.03
174.75
167.46
173.32
174.24
178.38
178.81
174.86
173.21
174
175.38
175.18
173.46
169.2
169.46
167.58
163.65
161.27
167.33
166.17
166.93
168.63
171.2
169.21
171.36
169.26
166.8
171.51
174.92
171.84
168.42
170.14
171.74
177.36
182.53
180.68
184.86
185.95
189.19
194.99
198.08
195.33
192.96
192.94
192.06
200.38
203.09
207.17
205.67
207.9
205.08
201.95
201.6
202.28
205.55
208.8
213.47
218.18
212.38
213.41
209.3
211.45
211.61
210.14
207.97
210.33
214.94
220.08
219.42
221.82
227.87
224.95
222.4
222
218.91
216.11
214.79
212.54
214.42
218.08
212.74
209.19
207.88
196.13
200.76
200.63
202.06
198.97
195.43
196.31
196.2
197.98
195.04
198.35
203.82
201.05
199.82
196.12
195.08
196.39
195.61
192.69
189.38
190.34
191.56
194.21
193.54
196.35
193.99
192.68
192.01
193.26
193.73
199.94
201.25
205.54
210.11
211.59
207.54
202.86
205.41
209.57
210.79
209.79
208.78
207.21
205.59
206.13
195.11
198.61
192.03
189.93
193.98
199.21
193.6
183.67
186.02
179.2
176.79
176.49
180.25
179.9
178.12
174.2
175.9
176.76
175.83
178.59
183.88
191.45
190.89
188.75
192.21
197.55
191.4
190.98
196.89
198.16
198.57
195.81
199.09
201.04
204.71
204.04
204.13
203.52
211.53
207.36
219
225.04
223.97
236.53
229.33
215.56
212.73
216.15
221.06
218.37
229.61
225.72
226.12
226.67
223.88
223.58
226.49
227.01
234.99
234.42
241.3
238.42
240.56
241.92
231.15
229.39
235.48
237.68
242.84
247.24
248.47
252.73
250.2
251.95
254.38
256.75
260.05
